-59 5711 834
-58 6156 1547
-57 6396 1338
-56 6767 1124
-55 6537 1307
-54 6357 1946
-53 6162 1198
-52 6722 1543
-51 5951 1389
-50 6113 1468
-49 6765 1860
-48 5325 2
-47 5109 0
-46 4738 138
-45 3837 530
-44 2663 0
-43 4315 0
-42 5162 0
-41 5070 0
-40 4506 0
-39 3837 0
-38 2663 0
-37 4315 0
-36 5000 0
-35 4999 0
-34 4885 0
-33 3921 0
-32 2663 0
-31 4315 0
-30 4841 0
-29 4918 0
-28 4882 0
-27 3921 0
-26 2663 0
-25 4315 0
-24 4841 0
-23 4930 0
-22 4870 0
-21 3921 0
-20 2663 0
-19 4315 0
-18 4865 0
-17 5148 0
-16 4712 0
-15 3837 0
-14 2663 0
-13 4315 0
-12 4865 0
-11 5000 0
-10 4861 0
-9 3837 0
-8 2663 0
-7 4315 0
-6 4865 0
-5 5000 0
-4 4861 0
-3 3837 0
-2 2663 0
-1 4315 0
0 4865 0
